1000 2000
0 1
0 999
0 2
0 998
0 450
1 372
1 187
1 624
2 3
2 865
3 5
3 726
4 5
4 6
4 175
4 829
5 705
5 587
5 440
5 33
6 7
6 131
6 401
7 8
7 476
7 110
7 685
8 10
8 96
8 16
9 11
9 651
10 11
10 671
10 995
11 471
11 704
11 75
12 13
12 14
12 92
13 15
13 925
14 15
14 16
14 422
15 16
15 17
15 83
16 535
16 432
17 18
17 19
17 492
18 19
18 20
18 435
18 492
19 954
19 527
19 689
20 21
20 992
21 22
21 23
21 360
22 24
22 995
22 620
22 777
22 791
23 311
23 259
23 300
24 772
24 387
25 26
25 122
25 311
26 27
26 28
26 120
26 954
27 521
27 170
28 29
28 71
28 961
29 941
29 948
30 687
30 69
30 368
30 972
31 798
31 902
31 555
31 608
32 34
32 864
33 34
34 36
34 382
35 167
35 775
36 548
36 232
36 962
36 111
37 70
37 784
38 40
38 815
39 183
39 367
39 561
39 139
40 41
40 311
41 43
41 905
41 622
41 193
42 160
42 533
42 630
43 44
43 735
43 230
44 45
44 603
44 700
45 46
45 47
45 981
46 47
46 525
46 190
47 48
47 49
48 49
48 880
48 174
48 288
49 50
49 51
50 52
50 469
51 52
51 232
51 750
52 522
52 234
52 496
53 54
53 916
53 124
54 56
54 610
54 156
54 256
55 56
55 57
55 983
56 772
56 168
56 694
57 59
57 469
58 895
58 160
58 500
59 61
59 724
60 61
60 231
60 559
61 122
61 182
61 505
62 64
62 948
63 65
63 384
63 266
63 208
64 65
64 66
65 66
65 409
66 67
66 427
67 799
67 504
67 833
68 70
68 839
68 479
68 269
69 71
70 71
70 72
70 160
70 640
71 73
72 73
72 433
73 74
73 75
74 75
74 931
75 76
75 713
76 78
76 928
76 467
76 594
77 517
77 487
77 912
78 517
78 90
78 439
79 860
79 422
80 81
80 82
80 464
81 83
81 193
82 634
82 101
82 436
82 866
83 84
83 173
83 997
84 85
84 319
85 87
85 316
86 922
86 603
86 429
86 985
87 88
87 89
87 151
88 90
88 209
89 90
89 91
89 277
89 330
89 509
90 91
90 410
90 646
90 697
90 422
90 564
91 92
91 93
91 588
92 564
92 793
92 803
93 94
93 95
94 95
94 96
94 677
95 96
95 252
96 98
96 862
96 773
97 98
97 99
97 326
98 99
98 100
98 856
99 101
99 574
100 102
100 607
100 519
100 933
101 344
101 596
101 500
102 104
102 153
102 238
103 104
103 105
103 229
104 105
104 384
105 536
105 678
106 272
106 397
106 625
106 283
106 937
107 108
107 523
107 564
107 497
108 109
108 110
109 110
109 111
109 748
109 596
110 111
110 663
111 772
112 113
112 500
113 114
113 423
113 535
113 116
113 461
114 115
114 116
114 647
115 432
115 964
115 496
116 117
116 321
117 118
117 993
118 120
118 216
118 297
119 160
119 290
119 736
120 803
121 122
121 123
121 692
121 726
122 260
123 601
123 733
124 453
124 405
124 716
125 594
125 296
125 690
126 128
126 683
126 623
127 129
127 602
127 434
128 130
128 271
129 131
129 458
129 172
129 134
130 131
130 132
130 907
131 132
131 133
131 915
132 133
132 134
132 693
133 135
133 373
133 728
133 604
134 191
134 753
134 314
135 136
135 137
136 138
136 623
137 138
137 161
138 139
138 797
138 566
138 824
138 965
139 521
139 952
139 234
140 141
140 961
141 142
141 143
142 143
142 144
142 850
143 144
143 145
143 219
144 960
144 567
144 762
144 467
145 146
145 966
146 147
146 148
146 238
147 149
147 254
148 150
148 943
148 615
148 864
148 661
149 151
149 992
149 272
150 151
150 965
151 152
152 154
152 619
152 934
153 912
153 301
153 567
154 155
154 156
155 156
155 157
155 873
156 158
157 158
157 211
157 980
157 897
158 160
158 651
158 562
158 989
159 160
159 679
159 938
160 161
160 932
161 163
161 373
162 163
162 164
163 164
163 501
163 769
164 166
164 719
165 166
165 167
165 725
166 168
166 813
167 168
167 774
167 837
167 247
168 878
168 290
168 362
169 249
169 235
169 837
169 967
170 171
170 196
171 172
171 542
171 499
171 584
172 551
172 663
173 774
174 679
175 177
175 781
175 523
175 886
176 177
176 894
177 802
177 287
177 388
177 835
178 179
178 180
178 366
178 472
179 180
179 502
180 182
180 200
181 668
181 451
182 183
182 502
182 651
182 884
183 184
183 185
184 185
184 186
185 186
185 187
186 187
186 597
187 301
188 897
188 563
188 209
189 953
189 799
190 191
190 495
191 193
191 482
191 271
191 953
192 883
192 373
192 925
193 194
194 196
194 333
195 196
195 197
196 198
196 901
197 199
197 237
197 584
197 878
198 199
198 886
198 662
198 984
199 200
199 201
200 718
200 375
200 970
201 202
201 203
202 203
202 204
202 497
202 297
203 204
203 620
204 205
204 206
204 683
205 207
205 677
206 207
206 218
207 208
207 209
208 313
209 210
210 212
210 383
211 213
211 905
212 214
212 259
212 233
212 866
212 226
212 342
213 418
213 671
214 572
214 642
214 312
214 867
215 216
215 714
216 218
216 457
217 352
217 842
218 219
218 220
219 221
220 222
220 796
220 667
221 222
221 769
221 955
221 229
222 223
222 224
222 440
222 611
222 819
223 947
223 789
224 225
224 355
225 226
225 383
226 453
227 228
227 457
228 229
228 230
228 631
229 231
229 512
230 231
230 674
231 233
232 271
233 536
234 832
235 237
235 772
236 238
236 524
236 674
237 238
237 265
237 436
237 643
237 644
238 957
239 316
239 591
239 411
240 241
240 242
241 242
241 243
242 243
242 740
243 244
243 245
243 511
243 959
244 245
244 607
244 437
245 246
245 247
245 578
246 247
246 248
246 737
246 947
247 436
247 851
248 249
248 250
249 250
249 251
249 561
250 251
250 252
250 397
250 928
251 338
251 539
251 590
251 324
252 853
252 348
253 254
253 255
253 487
253 574
254 256
254 412
254 417
255 256
255 257
255 418
256 325
256 834
257 258
257 702
257 580
258 260
258 271
258 434
258 559
258 542
258 880
259 457
259 881
260 261
260 262
260 550
261 263
261 853
262 263
262 264
262 635
263 264
263 684
263 708
264 265
264 266
264 310
265 854
265 912
266 268
266 687
267 349
267 477
268 269
268 601
269 270
269 571
270 272
270 865
271 273
272 805
273 777
273 996
273 389
274 582
274 978
274 992
275 277
275 828
276 278
276 518
276 385
277 279
278 280
278 824
279 280
279 281
279 444
280 282
280 339
280 991
281 282
281 554
281 926
282 284
282 549
282 552
282 882
283 284
283 307
283 388
284 285
284 622
284 975
285 413
285 718
286 288
286 476
286 980
286 470
287 289
287 653
288 289
288 856
289 290
289 800
289 931
290 292
290 845
291 293
291 340
292 471
292 693
293 294
293 827
293 520
294 296
294 902
295 297
295 883
295 511
296 848
296 682
296 751
298 299
298 490
298 411
299 300
299 368
300 719
300 421
300 617
301 303
302 303
302 304
303 305
303 581
304 305
304 341
305 856
305 716
306 307
306 308
306 474
307 308
308 309
308 310
308 455
309 310
309 545
310 889
311 312
311 313
312 833
312 734
313 315
313 758
314 388
315 316
315 868
316 317
316 318
317 318
317 319
318 319
318 320
319 320
319 586
320 992
320 770
321 323
321 876
321 536
322 323
322 406
323 324
323 325
324 325
325 326
325 327
326 328
327 328
327 329
328 329
328 330
328 665
329 330
329 533
329 341
330 332
330 378
331 332
331 787
332 964
332 565
332 627
332 793
333 334
333 335
334 336
334 617
334 367
334 585
334 735
335 336
335 337
336 337
336 342
337 338
337 577
337 575
338 555
338 620
339 340
339 694
339 652
340 341
340 342
340 478
341 846
342 343
342 738
343 344
343 450
344 914
345 346
345 720
346 348
346 374
346 963
347 531
347 568
347 782
348 856
348 963
349 350
349 351
350 351
350 533
351 353
351 889
351 914
352 353
352 354
352 918
353 355
353 455
353 675
354 355
354 356
354 810
355 356
355 357
356 358
356 715
357 358
357 359
358 359
358 360
358 421
359 360
359 361
359 481
360 498
361 363
361 456
361 454
361 547
362 503
362 859
363 456
363 796
364 365
364 366
364 980
364 988
365 366
365 367
365 788
365 868
366 368
367 712
367 705
368 370
368 957
369 371
369 715
370 371
370 699
371 641
371 660
371 396
372 373
372 374
372 506
372 631
373 375
373 984
373 724
373 871
374 600
374 448
374 899
375 634
375 873
375 974
376 377
376 993
377 378
377 379
377 564
378 379
379 381
379 717
379 720
380 382
380 431
381 382
381 427
382 383
382 890
383 384
383 385
384 625
384 870
385 575
385 387
386 388
386 823
387 388
387 558
389 390
389 549
390 509
390 985
390 682
391 393
391 410
391 885
392 393
392 394
393 706
393 402
393 984
394 396
394 599
395 397
395 408
395 813
396 397
397 632
398 399
398 715
399 400
399 752
399 968
399 735
400 401
400 402
400 473
401 402
401 973
402 404
402 717
402 852
402 652
403 404
403 749
404 673
404 703
404 828
405 407
406 407
406 408
406 862
407 408
407 891
407 874
408 410
408 939
408 905
409 776
409 788
410 412
411 867
411 459
412 413
412 414
413 414
413 415
414 415
414 662
414 950
414 746
415 416
415 430
416 417
416 742
417 419
418 431
418 750
419 420
419 421
420 421
420 422
422 921
423 425
424 505
424 965
424 683
425 426
425 427
426 427
426 582
427 428
427 570
428 429
428 430
428 759
429 430
430 431
430 432
431 707
432 434
433 434
433 435
433 650
435 669
436 437
437 438
438 439
438 851
439 838
439 572
440 905
441 442
441 895
441 555
442 443
442 444
442 832
443 445
443 806
444 445
444 962
445 446
445 447
446 447
446 745
446 594
447 449
447 710
448 753
449 450
449 451
449 555
450 654
450 601
451 452
451 453
452 453
452 454
453 454
453 455
454 896
455 622
455 930
456 457
456 458
457 458
457 459
458 459
458 460
459 460
460 461
460 462
461 462
462 463
462 464
462 698
463 464
463 465
464 466
465 467
465 881
465 804
465 967
466 561
466 892
466 930
467 468
468 470
468 962
468 614
469 470
469 471
469 742
470 981
470 628
471 605
471 831
472 474
472 966
473 808
473 511
473 811
474 475
475 477
475 791
476 477
476 478
477 478
477 479
478 479
479 481
479 743
480 482
480 923
480 758
481 482
481 671
482 484
482 896
482 754
483 484
483 598
483 894
484 485
484 486
484 546
484 914
484 994
485 486
485 487
486 487
486 488
487 488
488 489
488 490
489 490
489 843
490 491
490 754
491 492
491 493
493 494
493 569
493 719
494 495
494 738
495 497
495 534
496 497
498 499
498 500
499 500
499 814
500 501
500 917
501 503
501 647
501 548
502 504
503 504
503 586
504 506
504 857
505 613
506 865
507 508
507 509
508 509
508 510
509 510
510 512
510 713
510 518
512 513
512 648
513 515
513 593
513 624
513 987
513 995
514 515
514 516
515 516
515 517
516 517
516 584
517 612
517 836
517 901
518 520
519 521
520 521
520 522
521 522
521 523
522 523
522 524
524 633
524 641
524 810
525 527
525 656
525 881
526 528
526 855
526 743
527 528
527 529
527 767
528 922
528 870
528 849
529 531
529 909
529 575
530 531
530 532
531 532
531 559
532 533
532 568
533 535
533 846
534 535
534 536
535 537
535 774
536 653
536 942
536 921
537 539
537 601
538 539
538 540
539 541
539 761
540 541
540 665
540 766
541 543
541 565
542 543
543 544
543 973
544 545
544 546
545 546
545 547
546 548
547 548
547 959
548 982
548 591
548 896
549 550
550 884
550 956
551 553
551 690
552 553
553 554
553 555
554 556
554 612
554 983
555 735
555 770
555 950
556 557
556 558
557 906
557 611
557 645
558 697
559 561
560 562
560 987
561 702
562 563
563 564
563 565
563 578
565 567
565 755
566 707
566 598
567 777
568 570
568 759
569 571
570 571
570 874
570 893
571 572
571 940
572 631
573 574
573 823
574 575
574 673
575 576
576 578
576 980
577 579
579 580
579 863
580 581
580 582
580 800
581 582
581 583
581 881
582 583
582 682
582 924
583 584
583 980
584 666
585 586
586 587
586 588
586 939
587 802
587 684
588 590
589 591
589 882
590 684
590 776
592 593
592 594
593 594
593 719
594 595
594 740
595 597
595 923
595 699
595 826
597 598
597 599
599 600
599 601
600 897
600 943
601 602
601 724
601 644
602 604
602 777
602 664
602 952
603 605
604 605
605 673
605 848
606 608
606 778
607 608
607 854
608 947
608 718
608 860
608 892
609 610
609 827
610 611
610 725
612 614
613 614
613 923
614 913
614 776
614 819
614 908
615 617
616 617
616 618
616 622
617 619
618 619
618 620
619 621
619 862
620 717
621 623
621 657
622 936
623 625
624 626
625 626
625 698
626 627
626 628
626 729
626 860
627 629
628 630
628 951
629 640
629 780
629 988
629 667
629 915
630 631
630 632
631 757
632 633
632 966
633 634
633 635
633 845
634 636
634 806
635 766
636 865
636 756
637 638
637 639
638 639
638 960
639 640
639 947
640 641
640 768
641 642
641 643
642 644
643 721
644 645
645 647
645 871
646 648
646 926
647 649
648 649
649 650
649 651
649 965
650 652
650 928
650 938
651 653
651 802
652 653
654 922
654 666
655 656
655 919
655 725
656 658
656 715
656 825
657 658
657 659
658 659
658 660
658 741
659 660
659 661
660 661
660 878
661 662
661 849
661 832
662 688
663 664
664 761
665 731
667 787
668 670
668 793
669 670
669 806
670 671
670 778
670 779
672 673
672 674
673 674
673 945
674 974
675 880
676 678
676 831
677 862
677 852
678 679
678 680
679 680
679 681
680 681
680 682
681 683
681 999
683 748
684 685
685 686
686 687
686 688
687 689
687 970
688 689
689 690
690 692
690 848
691 693
691 917
692 694
693 722
695 696
695 697
696 698
696 893
696 838
697 698
697 699
698 699
699 701
700 701
700 803
701 702
701 831
701 847
701 938
703 705
704 705
704 706
704 799
705 837
705 926
706 707
706 759
706 789
706 925
707 708
707 823
707 898
708 709
709 710
709 711
709 761
710 711
710 712
710 821
711 712
711 713
711 939
712 714
712 890
713 715
714 715
714 716
715 717
716 718
717 719
717 834
718 720
719 720
719 721
720 997
721 722
721 723
722 724
722 898
722 753
723 724
723 725
723 890
725 726
725 984
725 997
726 728
727 729
727 905
728 730
729 731
730 731
730 920
731 732
731 733
732 733
732 734
733 734
733 735
734 773
734 890
736 737
736 738
737 739
737 756
738 739
739 741
739 984
740 742
741 742
741 744
742 778
742 812
744 745
744 916
745 747
746 747
747 748
747 749
749 751
749 849
750 751
750 951
751 752
752 754
752 896
754 755
754 820
755 757
756 757
757 759
758 926
760 762
760 772
762 764
763 765
763 793
764 765
764 766
765 766
765 767
766 767
767 818
767 964
768 769
770 772
771 773
771 987
772 773
772 798
773 775
773 802
775 776
775 777
775 858
776 778
777 778
778 779
778 968
779 830
780 782
780 879
781 783
782 783
783 986
783 817
784 785
784 786
785 786
785 787
786 787
786 788
787 788
787 789
788 789
789 791
789 823
790 791
790 824
790 899
790 990
791 792
792 793
792 794
792 797
793 794
794 795
794 796
795 796
795 797
796 797
796 798
797 966
798 799
799 801
800 801
801 803
801 986
802 977
803 871
804 805
805 806
805 807
806 807
806 808
807 808
807 809
808 866
809 810
809 811
809 993
811 812
812 844
813 815
814 815
815 816
815 817
816 817
816 972
817 818
817 819
817 933
818 819
818 820
819 893
820 822
821 822
821 947
821 989
822 823
822 824
822 946
823 825
824 825
825 827
826 827
827 829
828 830
828 871
829 830
830 831
830 832
831 833
833 834
833 835
835 836
835 837
835 998
836 838
836 911
837 839
838 840
839 840
839 841
840 841
840 842
841 842
841 843
842 843
842 844
843 844
843 845
844 846
844 955
846 847
847 849
848 849
848 854
848 930
850 852
851 853
853 854
853 855
854 856
855 856
855 857
857 859
858 860
859 861
861 862
861 863
862 864
863 864
863 943
864 866
865 866
865 867
867 922
868 869
869 870
869 871
870 871
870 872
871 872
872 873
872 874
873 874
874 876
875 876
875 877
876 877
876 878
877 878
877 879
878 879
878 910
879 881
880 881
882 883
883 884
883 885
884 885
884 886
885 886
886 887
887 888
887 889
887 900
888 889
888 989
889 890
889 896
891 893
893 895
894 895
894 896
895 897
897 898
898 899
899 900
900 901
900 999
901 902
901 963
902 903
902 904
903 904
903 921
904 906
904 909
906 907
906 968
907 908
908 909
909 910
909 911
910 911
911 913
912 913
913 915
913 964
916 917
917 918
918 919
919 988
920 921
920 922
921 923
922 923
922 924
923 924
923 925
924 925
924 926
925 926
927 928
927 929
929 930
929 931
931 932
932 934
934 935
935 936
935 998
936 938
937 938
940 942
941 942
941 943
942 944
943 944
943 945
944 945
944 946
945 947
945 977
946 948
948 950
948 952
949 950
949 951
950 952
952 953
953 954
954 955
955 957
956 957
958 959
958 986
960 961
960 962
961 962
961 963
962 963
963 965
967 968
968 970
969 970
969 971
971 972
971 973
972 973
972 974
973 974
975 976
976 977
976 978
978 979
978 980
979 980
979 981
981 982
982 983
982 984
986 987
986 988
987 989
990 991
991 993
992 993
993 995
994 995
995 997
996 997
996 998
